00004 0001 20260101  2   29.33
00004 0001 20260118  2   29.73
00004 0001 20260802  1   14.96
00004 0001 20261212  2   26.48
00021 0002 20260101  3   63.34
00021 0002 20260113  1   11.77
00050 0003 20260101  1    6.79
00071 0004 20260101  1   13.97
00086 0005 20260101  2   23.94
00111 0006 20260101  1   35.99
00111 0006 20260111  1   32.99
00111 0006 20260315  4   77.96
00111 0006 20260416  3   59.30
00111 0006 20260424  2  134.98
00111 0006 20260623  1   91.92
00111 0006 20260722  3   47.08
00111 0006 20260726  2   71.96
00111 0006 20261025  3   78.47
00111 0006 20261206  3   83.47
00111 0006 20270118  4   84.46
00111 0006 20270215  4  123.96
00111 0006 20270221  2   32.98
00111 0006 20270226  2   23.06
00111 0006 20270510  1   72.99
00111 0006 20270620  3   55.47
00112 0007 20260101  1   11.77
00112 0007 20260205  1   11.77
00113 0008 20260101  3   32.91
00113 0008 20270304  1   15.27
00113 0008 20270307  1   11.49
00114 0009 20260101  1   16.36
00114 0009 20260501  2   28.13
00114 0009 20260908  1   22.97
00114 0009 20270210  1   28.49
00114 0009 20270211  2   28.98
00131 0010 20260101  2   30.32
00133 0011 20260101  1   18.99
00133 0011 20260127  1   14.37
00133 0011 20260201  1    9.77
00133 0011 20260302  1   15.99
00133 0011 20260504  3   47.33
00133 0011 20260621  3   59.74
00133 0011 20261111  2   32.98
00151 0012 20260101  1   13.97
00166 0013 20260101  2   29.53
00166 0013 20261130  2   16.48
00166 0013 20261213  3   36.97
00166 0013 20261221  2   17.98
00166 0013 20261224  3   36.97
00166 0013 20270224  1   11.49
00166 0013 20270318  1   11.88
00166 0013 20270527  1   11.88
00181 0014 20260101  3   43.70
00198 0015 20260101  1   15.76
00221 0016 20260101  1   12.49
00228 0017 20260101  2   25.98
00228 0017 20260206  2   23.54
00228 0017 20260211  1   13.97
00228 0017 20260212  1   27.77
00228 0017 20260228  1    9.98
00228 0017 20260311  1   15.36
00228 0017 20260527  1   21.97
00228 0017 20260531  1   17.30
00228 0017 20260708  3   51.75
00228 0017 20260807  2   36.74
00228 0017 20260828  1   23.97
00228 0017 20261229  3   41.47
00228 0017 20270106  1   29.99
00234 0018 20260101  1   13.97
00234 0018 20260204  1    9.99
00226 0019 20260102  2   35.93
00226 0019 20260223  2   26.73
00226 0019 20260420  2   23.76
00226 0019 20260719  2   24.74
00226 0019 20270215  1   15.49
00226 0019 20270505  3   43.47
00243 0020 20260102  2   17.96
00256 0021 20260102  1   14.99
00256 0021 20260302  2   34.60
00256 0021 20260414  1   29.99
00261 0022 20260102  1    8.77
00281 0023 20260102  1   14.70
00297 0024 20260102  1   14.96
00312 0025 20260102  2   87.74
00312 0025 20261221  1   14.99
00314 0026 20260102  1    3.99
00314 0026 20260113 10  166.89
00314 0026 20260113  4   60.25
00333 0027 20260102  1   15.90
00341 0028 20260102  2   26.14
00341 0028 20260727  4   80.46
00350 0029 20260102  1   46.37
00353 0030 20260102  2   28.76
00353 0030 20260212  2   40.47
00367 0031 20260102  1   44.77
00388 0032 20260102  1   10.77
00408 0033 20260102  1   25.99
00425 0034 20260102  1   14.99
00429 0035 20260102  1   11.77
00429 0035 20260711  2   31.14
00429 0035 20270614  1   59.49
00440 0036 20260102  1   14.96
00473 0037 20260102  3   34.97
00489 0038 20260102  3   47.00
00489 0038 20260117  1   13.97
00502 0039 20260102  1   15.36
00502 0039 20261009  1   16.99
00516 0040 20260102  1   14.99
00487 0041 20260103  1   11.77
00530 0042 20260103  1   11.97
00542 0043 20260103  4   45.67
00558 0044 20260103  4   49.67
00562 0045 20260103  1    8.97
00562 0045 20260623  1   14.96
00564 0046 20260103  3   40.70
00564 0046 20260114  1   14.96
00564 0046 20260121  2   43.13
00564 0046 20260127  1   14.96
00564 0046 20260204  2   39.33
00564 0046 20260411  2   29.92
00564 0046 20260627  2   37.93
00564 0046 20260710  2   26.73
00564 0046 20260714  2   29.58
00564 0046 20260729  1   14.96
00564 0046 20260731  1   21.97
00564 0046 20260828  2   29.73
00564 0046 20260828  2   27.74
00564 0046 20260901  2   23.54
00564 0046 20261013  2   32.48
00564 0046 20261028  2   24.48
00564 0046 20261214  3   35.97
00564 0046 20270110  2   26.48
00564 0046 20270213  2   28.98
00564 0046 20270301  2   30.98
00564 0046 20270305  2   32.47
00564 0046 20270325  2   25.98
00564 0046 20270415  1   11.88
00564 0046 20270531  1   12.99
00581 0047 20260103  1   14.37
00612 0048 20260103  1   12.49
00621 0049 20260103  1   17.90
00621 0049 20260114  1   14.37
00636 0050 20260103  3   27.92
00656 0051 20260103  3   55.10
00656 0051 20270411  6   93.81
00656 0051 20270411  2   20.98
00675 0052 20260103  1   24.99
00687 0053 20260103  1   12.97
00687 0053 20270410  2   34.41
00736 0054 20260103  2   28.74
00755 0055 20260103  1   52.99
00756 0056 20260103  1   14.37
00756 0056 20260706  1   13.97
00756 0056 20260823  4   42.08
00760 0057 20260103  1   11.77
00760 0057 20260202  1   15.36
00760 0057 20270420  2   26.30
00018 0058 20260104  1   14.96
00645 0059 20260104  3   44.71
00645 0059 20260930  1    6.49
00645 0059 20261124  1   12.99
00645 0059 20270319  1   36.99
00703 0060 20260104  8  121.34
00773 0061 20260104  4   56.27
00773 0061 20260120  4   62.90
00773 0061 20260120  1   15.36
00773 0061 20260224  3   63.95
00773 0061 20260224  1   24.99
00773 0061 20260303  1   15.36
00773 0061 20260729  1   31.03
00773 0061 20261217  2   29.48
00773 0061 20261218  1   28.49
00773 0061 20261222  3   66.97
00775 0062 20260104 10  186.67
00789 0063 20260104  2   27.34
00789 0063 20260427  3   43.13
00789 0063 20270330  2   28.97
00795 0064 20260104  1   13.97
00816 0065 20260104  3   35.31
00834 0066 20260104  2   21.98
00836 0067 20260104  4   59.08
00836 0067 20260126 10  144.08
00836 0067 20260601  8  122.88
00836 0067 20261112  8  140.42
00857 0068 20260104  2   24.94
00875 0069 20260104  1   16.99
00881 0070 20260104  2   36.94
00881 0070 20260111  1   11.77
00881 0070 20260602  5   71.02
00881 0070 20260728  3   45.09
00881 0070 20270418  7  106.03
00899 0071 20260104  2  145.47
00913 0072 20260104  1   12.77
00918 0073 20260104  4   51.87
00918 0073 20260214  5   69.23
00918 0073 20261207  1   15.49
00936 0074 20260104  1   14.99
00947 0075 20260104  6   53.46
00947 0075 20260209  2   20.77
00958 0076 20260104  8  117.10
00974 0077 20260104  1   18.36
00989 0078 20260105  1   14.96
01012 0079 20260105  1   13.97
01012 0079 20260307  1   13.77
01012 0079 20260322  1   14.37
01012 0079 20260503  3   32.51
01014 0080 20260105  5   96.36
01034 0081 20260105  2   33.96
01035 0082 20260105  5   66.84
01035 0082 20260226  3   42.09
01050 0083 20260105  2   21.76
01062 0084 20260105  1   14.96
01080 0085 20260105  1   14.99
01099 0086 20260105  1   14.96
01099 0086 20260203  2   24.74
01099 0086 20260205  1    8.00
01099 0086 20260225  1   13.97
01099 0086 20260227  1   27.77
01099 0086 20260318  3   45.28
01099 0086 20260624  4   58.68
01099 0086 20260709  1   14.96
01099 0086 20261230  1   17.49
01099 0086 20270227  1   18.49
01099 0086 20270323  1   10.49
01099 0086 20270617  3   46.47
01101 0087 20260105  1    0.00
01108 0088 20260105  1   16.30
01108 0088 20260105  1   13.99
01108 0088 20260214  2   14.96
01108 0088 20260305  2   11.58
01108 0088 20260326  1    6.79
01108 0088 20260413  1    6.79
01108 0088 20260724  1   12.25
01108 0088 20260804  2   20.74
01108 0088 20260824  1   11.77
01108 0088 20260824  1   12.25
01108 0088 20260903  1   14.96
01108 0088 20260909  1   12.99
01108 0088 20260910  1   11.49
01108 0088 20261007  1    5.49
01108 0088 20261118  1    4.49
01108 0088 20261118  1    5.49
01108 0088 20270301  1    5.49
01108 0088 20270306  1    2.99
01131 0089 20260105  5   71.63
01150 0090 20260105  1   37.97
01158 0091 20260105  6   79.94
01158 0091 20260826  1   14.99
01167 0092 20260105  4   47.28
01167 0092 20260111  4   60.84
01167 0092 20260114  2   19.94
01167 0092 20260122  2   24.74
01167 0092 20260210  2   23.54
01167 0092 20260518  6   99.19
01167 0092 20260924  3   76.97
01167 0092 20270418  5   62.79
01174 0093 20260105  1   34.90
01188 0094 20260105  3   43.09
01209 0095 20260105  3   31.51
01223 0096 20260105  3   56.51
01240 0097 20260105  2   36.36
01241 0098 20260105  1   11.77
01241 0098 20260622  2   25.74
01241 0098 20260816  3   41.10
01241 0098 20261221  1   14.99
01241 0098 20270128  3   38.97
01251 0099 20260105  1    6.79
01251 0099 20260115  1    4.79
01251 0099 20260824  2   24.50
01251 0099 20260911  4   35.96
01251 0099 20260925  2   17.48
01251 0099 20270117  3   32.47
01251 0099 20270326  3   58.97
01251 0099 20270505  3   21.09
01252 0100 20260105  1   16.99
01252 0100 20260621  2   26.22
00441 0101 20260106  5   62.45
00441 0101 20260213  1   12.49
00441 0101 20260505  1    6.79
00441 0101 20260526  1    6.79
00441 0101 20260813  3   37.31
00441 0101 20260916  2   23.98
00441 0101 20261117  2   15.48
00441 0101 20261120  1   14.49
00441 0101 20261210  1   14.99
00441 0101 20270603  2   24.48
01115 0102 20260106  1   19.99
01265 0103 20260106  4   34.74
01280 0104 20260106  1   22.70
01283 0105 20260106  6   79.21
01283 0105 20260624  7   92.80
01291 0106 20260106  3   52.30
01291 0106 20260218  3   52.30
01302 0107 20260106  6  125.82
01317 0108 20260106  2   32.98
01322 0109 20260106  2   27.13
01322 0109 20260108  3   39.09
01333 0110 20260106  3   42.49
01333 0110 20261108  2   29.48
01343 0111 20260106  1    9.97
01343 0111 20260108  1   12.97
01343 0111 20270604  1   12.58
01350 0112 20260106  7  156.00
01365 0113 20260106  1   11.77
01377 0114 20260106  1   14.37
01377 0114 20260624  1   24.99
01380 0115 20260106  2   29.33
01393 0116 20260106  1    8.77
01393 0116 20260212  3   28.31
01393 0116 20270102  4   58.46
01393 0116 20270526  3   14.47
01395 0117 20260106  1    8.77
01420 0118 20260106  1   11.77
01433 0119 20260106  1    9.98
01446 0120 20260106  1   19.77
01480 0121 20260106  1   15.96
01480 0121 20260127  1   13.77
01483 0122 20260106 11  163.52
01504 0123 20260106  1   24.99
01518 0124 20260106  1   14.96
01528 0125 20260106  1   10.99
01528 0125 20260225  3   36.71
01528 0125 20270213  1    7.49
00719 0126 20260107  2   34.98
01463 0127 20260107  3   28.37
01540 0128 20260107  1   10.77
01544 0129 20260107  1    6.79
01544 0129 20260109  2    9.58
01544 0129 20260124  2   19.16
01544 0129 20260213  1   13.97
01544 0129 20260301  1   11.77
01560 0130 20260107  1   12.77
01560 0130 20260315  1   14.37
01560 0130 20260619  2   28.74
01560 0130 20260708  1   14.96
01561 0131 20260107  4   49.87
01561 0131 20261110  6   66.94
01568 0132 20260107  1   27.99
01568 0132 20260624  4   71.66
01583 0133 20260107  1   13.70
01583 0133 20260409  1   11.77
01583 0133 20260725  1   15.96
01583 0133 20270121  1    9.49
01583 0133 20270305  1   11.49
01583 0133 20270325  1   12.99
01583 0133 20270603  1   12.58
01583 0133 20270609  1    9.99
01585 0134 20260107  1    8.77
01585 0134 20270525  1   15.99
01596 0135 20260107  2   35.36
01596 0135 20260620  2   19.54
01596 0135 20261208  4   44.96
01596 0135 20270211  3   32.74
01605 0136 20260107  2   44.98
01605 0136 20260205  2   19.96
01605 0136 20260228  1   26.99
01618 0137 20260107  1   12.97
01623 0138 20260107  1   14.99
01623 0138 20260223  2   29.98
01623 0138 20260505  5   73.62
01623 0138 20261127  8  106.42
01623 0138 20270319  3   30.40
01623 0138 20270321  1    9.49
01623 0138 20270505  7   97.95
01627 0139 20260107  1   11.77
01627 0139 20260122  2   29.33
01631 0140 20260107  1   11.77
01631 0140 20260427  2   23.54
01640 0141 20260107  7   79.99
01647 0142 20260107  2   59.98
01647 0142 20260108  2   27.14
01647 0142 20260109  4   51.66
01647 0142 20260206  1   12.97
01647 0142 20260207  2   26.14
01647 0142 20260224  3   59.97
01647 0142 20270108  1   13.99
01647 0142 20270204  2   22.98
01655 0143 20260107  2   26.73
01655 0143 20260124  1   14.96
01655 0143 20260726  1   15.36
01661 0144 20260107  1  174.99
01661 0144 20260121  2   45.35
01661 0144 20260221  1   17.90
01661 0144 20260228  1   15.70
01661 0144 20260513  2   26.73
01661 0144 20260729  1   31.03
01661 0144 20260814  1   17.95
01661 0144 20260903  1    5.78
01661 0144 20261020  1   29.99
01661 0144 20261021  1   11.49
01661 0144 20261112  1   25.49
01661 0144 20270212  1   14.49
01661 0144 20270609  1   29.99
01663 0145 20260107  1   14.96
01663 0145 20260122  1   14.96
01663 0145 20260914  1   22.99
01664 0146 20260107  5   70.42
01668 0147 20260107  1   13.97
01668 0147 20260207  1   14.39
01668 0147 20260515  2   41.95
01668 0147 20260705  2   43.57
01668 0147 20260731  1    9.77
01668 0147 20260731  1    9.77
01668 0147 20261211  1   14.99
01669 0148 20260107  1    9.98
01669 0148 20260117  3   44.32
01669 0148 20260127  1   39.47
01669 0148 20260305  2   73.98
01669 0148 20260319  1    7.98
01669 0148 20260324  1   12.77
01669 0148 20260410  1   29.95
01669 0148 20260805  3   30.54
01669 0148 20260819  1   12.25
01669 0148 20260819  1   17.70
01669 0148 20260825  3   17.37
01669 0148 20260826  2   26.73
01669 0148 20260911  1   12.99
01669 0148 20260917  8   43.92
01669 0148 20260929  1   11.49
01669 0148 20261006  2   24.48
01669 0148 20261028  1   20.99
01669 0148 20261209  2   27.98
01669 0148 20270310  1   11.19
01669 0148 20270310  2   25.98
01669 0148 20270313  2   33.98
01686 0149 20260107  1   13.97
01686 0149 20261209  2   25.98
01686 0149 20270130  2   28.48
01686 0149 20270220  3   35.47
01686 0149 20270419  1   21.22
01686 0149 20270419  1   12.99
01686 0149 20270428  1   15.99
01696 0150 20260107  4   46.48
01696 0150 20260122  3   35.31
01696 0150 20260203  2   26.14
01696 0150 20260731  2   28.93
01696 0150 20260826  2   23.74
01696 0150 20261114  2   22.48
01696 0150 20261124  1   12.99
01705 0151 20260107  1   11.77
01705 0151 20260223  4   59.84
01705 0151 20260714  1   14.79
01705 0151 20260908  1   10.77
01705 0151 20260911  1   14.37
01712 0152 20260107  1   30.97
01733 0153 20260107  1   11.77
01739 0154 20260107  1   15.36
01739 0154 20260127  1   16.70
01753 0155 20260107  1    0.00
01758 0156 20260107  1   11.77
01758 0156 20260221  2   34.32
01760 0157 20260107  1   11.99
01760 0157 20260110  1    9.97
01760 0157 20260114  1   13.97
01760 0157 20260119  3   46.08
01760 0157 20260122  1    5.99
01760 0157 20260129  2   27.94
01760 0157 20260203  2   23.98
01760 0157 20260215  4   55.47
01760 0157 20260314  1   14.99
01760 0157 20260320  1   14.96
01760 0157 20260402  1   14.96
01760 0157 20260404  5   72.44
01760 0157 20260408  2   27.94
01760 0157 20260418  1   14.96
01760 0157 20260418  1   11.97
01760 0157 20260420  1   14.96
01760 0157 20260504  1   12.77
01760 0157 20260508  1   14.96
01760 0157 20260515  1   12.77
01760 0157 20260602  3   41.69
01760 0157 20260627  2   29.92
01760 0157 20260706  1   15.36
01760 0157 20260722  1   15.96
01760 0157 20260731  1   14.96
01760 0157 20260803  1   14.96
01760 0157 20260820  2   29.92
01760 0157 20260906  1   15.36
01760 0157 20260911  3   39.97
01760 0157 20260916  2   25.98
01760 0157 20260927  4   57.96
01760 0157 20260928  4   48.46
01760 0157 20261007  1   12.49
01760 0157 20261025  2   25.98
01760 0157 20261025  1   13.99
01760 0157 20261102  1   12.99
01760 0157 20261123  1   13.99
01760 0157 20261125  2   29.98
01760 0157 20261125  1    7.49
01760 0157 20261217  1   12.99
01760 0157 20261218  2   25.98
01760 0157 20261224  1   12.99
01760 0157 20270102  1   12.99
01760 0157 20270127  1   14.99
01760 0157 20270310  2   42.98
01760 0157 20270412  1   11.88
01760 0157 20270517  3   60.45
01760 0157 20270611  4   37.96
01783 0158 20260108  1   14.37
01792 0159 20260108  2   30.36
01792 0159 20260109  4   59.06
01792 0159 20260128  3   50.97
01792 0159 20260630  2   29.73
01809 0160 20260108  2   31.54
01825 0161 20260108  4   63.93
01825 0161 20270609  1   14.49
01828 0162 20260108  2   26.14
01828 0162 20260122  3   46.28
01839 0163 20260108  1   73.30
01845 0164 20260108  1   17.70
01845 0164 20260125 10  139.70
01845 0164 20260325  6   78.22
01845 0164 20260414  4   52.68
01845 0164 20260624  3   40.70
01845 0164 20260714  5   69.63
01845 0164 20260715  2   26.74
01845 0164 20260722  4   57.45
01845 0164 20260825  6   72.82
01845 0164 20260904  4   49.48
01845 0164 20260924  3   36.97
01845 0164 20261022  5   72.95
01845 0164 20270106  2   24.48
01845 0164 20270107  4  107.96
01845 0164 20270205  2   29.06
01845 0164 20270324  1    8.49
01845 0164 20270406  2   26.48
01858 0165 20260108  2   24.98
01858 0165 20260108  2   28.74
01877 0166 20260108  3   49.08
01877 0166 20270129  4   51.96
01890 0167 20260108  1   12.49
01890 0167 20260205  4   49.96
01890 0167 20260310  2   13.58
01890 0167 20260315  1   12.79
01890 0167 20260416  2   24.98
01890 0167 20260514  7  100.93
01890 0167 20260515  3   32.30
01890 0167 20260516  2   11.58
01890 0167 20260519  2   20.76
01890 0167 20260520  3   28.81
01890 0167 20260606  1    5.78
01890 0167 20260624  1   12.25
01890 0167 20260723  1    4.99
01890 0167 20260724  1   12.25
01890 0167 20261014  4   49.96
01890 0167 20261020  1   11.49
01890 0167 20261024  2   24.98
01890 0167 20261107  4   35.96
01890 0167 20261118  1   12.49
01890 0167 20261120  3   47.97
01890 0167 20261201  2   16.98
01890 0167 20270102  2   53.48
01890 0167 20270106  4   63.96
01890 0167 20270111  5  105.95
01890 0167 20270127  5   66.95
01890 0167 20270209  2   24.98
01890 0167 20270218  1   11.02
01890 0167 20270320  1    5.99
01890 0167 20270328  3   40.97
01890 0167 20270513  3   41.97
01894 0168 20260108  1   14.37
01908 0169 20260108  2   25.77
01919 0170 20260108  1   18.99
01919 0170 20260927  1   14.49
01919 0170 20261129  1   13.99
01919 0170 20270411  1   14.49
01928 0171 20260108  1   64.99
01944 0172 20260108  1   51.37
01956 0173 20260108  8   93.57
01971 0174 20260108  1   18.36
01985 0175 20260108  1    6.79
01402 0176 20260109 10  166.30
01763 0177 20260109  1   12.49
01893 0178 20260109  5   63.29
01893 0178 20260117  6   70.62
01893 0178 20260328  2   38.93
01893 0178 20260519  3   41.31
01893 0178 20260629  1   11.77
01893 0178 20260810  1   17.70
01893 0178 20260827  2   30.72
01893 0178 20261112  3   45.47
01893 0178 20261127  2   25.98
01893 0178 20270113  2   25.98
01893 0178 20270116  2   25.98
01893 0178 20270221  2   23.98
01893 0178 20270228  2   25.98
01893 0178 20270313  2   25.98
01893 0178 20270507  1   15.49
01991 0179 20260109  4   47.08
01991 0179 20260203  3   29.97
01991 0179 20260209  4   68.45
01991 0179 20260302  2   55.96
01991 0179 20260324  5   62.93
01991 0179 20260416  3   40.70
01991 0179 20260621  3   47.28
01991 0179 20260713  2   31.76
01991 0179 20260919  4   56.96
01991 0179 20261123  1    9.99
01991 0179 20261123  2   98.98
01991 0179 20261130  1   39.49
01991 0179 20261227  3   38.97
01991 0179 20270119  5   70.47
01991 0179 20270222  4   56.05
01991 0179 20270407  3   43.36
01991 0179 20270408  1   21.99
02005 0180 20260109  1   17.96
02030 0181 20260109  1   15.76
02049 0182 20260109  1   12.97
02053 0183 20260109  1   15.36
02053 0183 20260213  1   15.76
02053 0183 20261114  2   20.98
02053 0183 20270421  2   16.98
02053 0183 20270508  1   14.99
02071 0184 20260109  1    8.77
02072 0185 20260109  3   27.55
02072 0185 20260111  2   27.94
02072 0185 20260118  2   29.78
02072 0185 20260223  1   14.96
02072 0185 20260919  3   62.97
02072 0185 20261105  2   10.98
02072 0185 20270612  1   20.99
02087 0186 20260109  1   14.96
02099 0187 20260109  1   13.97
02099 0187 20260207  1   13.77
02099 0187 20260305  1    9.97
02099 0187 20270220  1   12.49
02102 0188 20260109  1    3.99
02102 0188 20260320  2   23.76
02102 0188 20260401  3   44.69
02102 0188 20260606  3   45.51
02102 0188 20261223  3   41.47
02104 0189 20260109  4   51.86
02104 0189 20260205  1   11.77
02104 0189 20260217  2   29.13
02104 0189 20260220  3   44.49
02109 0190 20260109  1   28.99
02127 0191 20260109  2   27.94
02142 0192 20260109  2   30.54
02161 0193 20260109  3   52.63
02180 0194 20260109  1   16.99
02194 0195 20260109  1   14.30
02194 0195 20260210  1   22.97
02194 0195 20260509  2   16.56
02194 0195 20260527  2   48.94
02194 0195 20260611  1   39.51
02194 0195 20260616  1   10.77
02194 0195 20260717  1   33.86
02199 0196 20260109  3   36.75
02202 0197 20260109  2   29.36
02202 0197 20260120  2   27.13
02217 0198 20260109  3   46.68
02217 0198 20261102  1   29.49
02235 0199 20260109  1   27.77
00780 0200 20260110  3   47.73
00780 0200 20260201  1   23.99
00780 0200 20260420  3   58.97
00780 0200 20270110  1   11.49
02254 0201 20260110  2   21.54
02272 0202 20260110  1   12.49
02272 0202 20260204  2   25.26
02272 0202 20260228  1   12.49
02289 0203 20260110  1   16.70
02289 0203 20260701  1   15.96
02289 0203 20260815  1   27.77
02294 0204 20260110  2   28.35
02319 0205 20260110  1   10.77
02331 0206 20260110  4   56.87
02331 0206 20260516  1   14.96
02336 0207 20260110  1   12.99
02361 0208 20260110  4   82.96
02361 0208 20260112  2   34.27
02363 0209 20260110  1   14.37
02379 0210 20260110  3   59.97
02389 0211 20260110  3   35.31
02389 0211 20260211  3   61.11
02389 0211 20260223  5  141.60
02389 0211 20260314  3   37.51
02389 0211 20260322  6   80.21
02389 0211 20260411  5   68.05
02389 0211 20260502  5   62.25
02389 0211 20260515  4   51.94
02389 0211 20261113  5   92.95
02389 0211 20261125  2   24.48
02389 0211 20261203  1   21.49
02389 0211 20261230  2   30.98
02389 0211 20270323  2   41.48
02389 0211 20270627  3   61.47
02398 0212 20260110  1   31.98
02419 0213 20260110  1   13.97
02419 0213 20270614  6   81.44
02442 0214 20260110  1   14.96
02445 0215 20260110  1   19.99
02445 0215 20260727  1   14.96
02445 0215 20260801  1   13.97
02445 0215 20261208  2   24.48
02455 0216 20260110  1   14.96
02455 0216 20270328  2   24.98
02457 0217 20260110  1   13.97
02457 0217 20260128  2   25.74
02457 0217 20260226  3   37.90
02457 0217 20260614  3   44.29
02457 0217 20260629  3   41.10
02457 0217 20270418  2   25.98
00208 0218 20260111  5   63.25
00208 0218 20270221  5   70.38
02181 0219 20260111  3   41.75
02181 0219 20260425  1   14.99
02471 0220 20260111  1   21.99
02471 0220 20260722  2   21.74
02478 0221 20260111  1   21.77
02492 0222 20260111  1   11.77
02508 0223 20260111  5   69.29
02521 0224 20260111  1   11.77
02537 0225 20260111  2   24.54
02541 0226 20260111  1   11.77
02541 0226 20260208  1   15.70
02541 0226 20260401  1   24.99
02556 0227 20260111  1    0.00
02563 0228 20260111  1   22.97
02563 0228 20260125  1   13.97
02568 0229 20260111  2   22.74
02568 0229 20260124  1    9.77
02578 0230 20260111  1   12.49
02578 0230 20260827  5   50.52
02578 0230 20260830  1    6.78
02578 0230 20270528  1   23.99
02591 0231 20260111  4   58.28
02591 0231 20261119  1   22.49
02591 0231 20270512  5   72.04
02597 0232 20260111  1   17.36
02597 0232 20260601  2   29.73
02597 0232 20260618  2   26.14
02597 0232 20260924  1   10.99
02597 0232 20261120  1   76.99
02597 0232 20270516  2   18.64
02597 0232 20270531  2   26.57
02597 0232 20270622  3   38.47
02610 0233 20260111  2   29.92
02625 0234 20260111  3   35.31
02645 0235 20260111  1   11.77
02665 0236 20260111  1    5.78
02681 0237 20260111  1   15.96
02697 0238 20260111  1   16.70
02709 0239 20260111  1   14.37
02725 0240 20260111  5   58.85
02745 0241 20260111  1   22.70
02745 0241 20261007  1   11.99
02745 0241 20261016  1   14.49
02745 0241 20261120  1   19.99
02745 0241 20261205  1   21.49
02745 0241 20270211  2   24.98
02753 0242 20260111  1   14.37
02753 0242 20260301  1   14.96
02753 0242 20260313  1   13.97
02753 0242 20260711  3   37.51
02753 0242 20260819  2   29.92
02753 0242 20270321  1   27.99
02509 0243 20260112  7   94.40
02509 0243 20260311  4   55.28
02509 0243 20270210  7   95.43
02509 0243 20270307 12  187.68
02509 0243 20270310  2   27.98
02509 0243 20270322  4   50.35
02761 0244 20260112  1   15.96
02761 0244 20260120  3   45.88
02761 0244 20260120  6  192.90
02761 0244 20260203  7  164.93
02761 0244 20260209  4  142.96
02761 0244 20260214  6  308.22
02761 0244 20260217  8  119.43
02765 0245 20260112  1   10.77
02786 0246 20260112  5   78.20
02790 0247 20260112  2   29.58
02790 0247 20260208  3   40.90
02790 0247 20260629  2   31.32
02803 0248 20260112  1   19.99
02813 0249 20260112  2   26.73
02813 0249 20260125  2   30.32
02820 0250 20260112  2   31.78
02820 0250 20260519  2   27.73
02820 0250 20260604  2   26.14
02820 0250 20261008  2   27.98
02821 0251 20260112  1   14.96
02845 0252 20260112  2   27.13
02855 0253 20260112  1   13.97
02855 0253 20260824  1   16.36
02855 0253 20270406  1   12.99
02863 0254 20260112  1    4.99
02871 0255 20260112  4   59.85
02871 0255 20260115  1   11.77
02871 0255 20261103  3   38.47
02871 0255 20261112 13  195.37
02888 0256 20260112  1   11.77
02903 0257 20260112  2   23.54
02903 0257 20260317  1   37.30
02903 0257 20260323  1   14.37
02903 0257 20260404  4   53.48
02903 0257 20260423  1   14.37
02903 0257 20260505  3   41.10
02903 0257 20270124  2   24.48
02904 0258 20260112  2   59.54
02920 0259 20260112  1   16.70
02932 0260 20260112  3   46.47
02932 0260 20260222  3   38.77
02958 0261 20260112  1   12.49
02958 0261 20260602  3   62.97
02958 0261 20260731  3   42.90
02961 0262 20260112  2   26.14
02965 0263 20260112  2   28.74
02965 0263 20260927  5   64.45
02965 0263 20270225  4   93.46
02983 0264 20260112  5   47.48
03005 0265 20260112 12  166.75
03008 0266 20260112  1   11.77
03008 0266 20260113  1   11.77
03011 0267 20260112  1    9.98
03011 0267 20260901  1    9.77
03011 0267 20260901  1   14.96
03011 0267 20260918  1   17.99
03011 0267 20270322  2   29.48
03021 0268 20260112  3   44.88
03021 0268 20260221  6   90.83
00858 0269 20260113  2   26.73
02224 0270 20260113  5   99.83
02224 0270 20260127  3   79.72
02274 0271 20260113  3   43.53
02390 0272 20260113  1   26.99
02390 0272 20260209  3   41.82
02390 0272 20261021  1   12.49
02574 0273 20260113  1   14.37
03001 0274 20260113  1   15.90
03001 0274 20260330  1   14.90
03001 0274 20260612  1   14.99
03001 0274 20260702  2   31.60
03016 0275 20260113  2   21.54
03016 0275 20260908  2   25.74
03016 0275 20261016  2   31.98
03016 0275 20261105  3   29.47
03016 0275 20261121  1    7.49
03028 0276 20260113  2   23.49
03028 0276 20260118  1   11.77
03028 0276 20260125  1    5.78
03028 0276 20260315  3   50.71
03028 0276 20260321  1    9.77
03028 0276 20260329  1   13.97
03028 0276 20260401  1   14.37
03028 0276 20260518  1   13.77
03028 0276 20260617  2   24.02
03028 0276 20260621  1    6.79
03028 0276 20260716  1   13.97
03028 0276 20260730  1   11.77
03028 0276 20260730  1   12.25
03028 0276 20260812  1   12.77
03028 0276 20260812  1   14.79
03028 0276 20260816  1   11.77
03028 0276 20270114  1    5.99
03030 0277 20260113  1   31.97
03047 0278 20260113  1   15.36
03060 0279 20260113  1   14.79
03076 0280 20260113  1   18.36
03087 0281 20260113  1   14.37
03099 0282 20260113  4   59.66
03099 0282 20260522 10  151.98
03099 0282 20260528  4   48.28
03099 0282 20260529  5   62.04
03102 0283 20260113  1   17.76
03102 0283 20260209  2   28.73
03102 0283 20260820  1   15.76
03102 0283 20260831  1   14.37
03106 0284 20260113  3   33.38
03106 0284 20260203  2   36.67
03112 0285 20260113  3   40.11
03134 0286 20260113  1    0.00
03157 0287 20260113  2  179.98
03157 0287 20260305  2   30.33
03157 0287 20260819  1   19.55
03157 0287 20260822  2   52.03
03157 0287 20261015  1   17.49
03157 0287 20261019  1    8.99
03157 0287 20261019  1   19.49
03157 0287 20270115  1   12.49
03157 0287 20270224  2   36.48
03157 0287 20270327  2   38.98
03158 0288 20260113  2   30.72
03163 0289 20260113  1   44.30
03163 0289 20260117  1   36.99
03163 0289 20260313  1   15.99
03163 0289 20260923  2   59.98
03163 0289 20260924  1   11.99
03163 0289 20260924  1   12.99
03163 0289 20260925  2   46.98
03163 0289 20261027  1   13.99
03163 0289 20261027  1   13.99
03163 0289 20261124  2   24.98
03163 0289 20270106  1   11.99
03163 0289 20270304  1   22.49
03163 0289 20270304  2   25.16
03163 0289 20270309  1   22.49
03163 0289 20270325  1   12.99
03171 0290 20260113  2   26.94
03182 0291 20260113  5   69.22
03182 0291 20260210  4   58.68
03182 0291 20260918  5   71.45
03183 0292 20260113  1   15.36
03183 0292 20260116  2   20.75
03199 0293 20260113  2   29.73
03238 0294 20260113  1   15.36
03238 0294 20260118  1   18.99
03238 0294 20261023  2   44.48
03238 0294 20270301  2   42.48
03238 0294 20270301  1   59.49
03242 0295 20260113  1   20.99
03262 0296 20260113  1   12.77
01417 0297 20260114  3   35.31
01417 0297 20260501  6   76.41
01417 0297 20261213 22  282.78
01417 0297 20261213  6   76.94
02092 0298 20260114  5   53.25
02092 0298 20260122  1   12.97
02092 0298 20261129  9   61.41
02092 0298 20270109  4   35.96
02092 0298 20270222  6   32.94
02939 0299 20260114  2   19.28
03219 0300 20260114  8  126.90
03287 0301 20260114  2   38.13
03298 0302 20260114  3   69.97
03298 0302 20260222  1   12.77
03298 0302 20260624  2   26.49
03298 0302 20260912  1   20.99
03299 0303 20260114  1    5.99
03299 0303 20260925  2   31.48
03311 0304 20260114  1   15.36
03311 0304 20260519  3   69.84
03311 0304 20270613  2   23.76
03312 0305 20260114  1   23.99
03318 0306 20260114  1   14.37
03318 0306 20260207  1   14.37
03318 0306 20270321  1   11.49
03333 0307 20260114  1   13.97
03353 0308 20260114  1   15.36
03374 0309 20260114  1   11.77
03376 0310 20260114  6   84.94
03376 0310 20260131  1   14.99
03376 0310 20260202  5   74.95
03376 0310 20260212  4   59.96
03376 0310 20260213  2   29.98
03376 0310 20260213  1   15.36
03388 0311 20260114  1   14.37
03400 0312 20260114  4   57.10
03400 0312 20260517  2   28.73
03400 0312 20260913  2   22.48
03400 0312 20261109  7   51.43
03400 0312 20270215  4   42.46
03400 0312 20270511  6   64.44
03403 0313 20260114  3   51.15
03415 0314 20260114  3   48.51
03415 0314 20260115  1   50.97
03415 0314 20260626  6   92.17
03415 0314 20260727 12  137.05
03415 0314 20270309 18  222.30
03425 0315 20260114  1   14.70
03444 0316 20260114  2   28.74
03451 0317 20260114  2   29.58
03451 0317 20260602  2   29.75
03451 0317 20261007  1   12.99
03467 0318 20260114  4   52.27
03469 0319 20260114  1   12.49
03469 0319 20260510  2   48.94
03469 0319 20261130  3   42.97
03469 0319 20261208  1   12.49
03487 0320 20260114  1   15.36
03487 0320 20270630  1   11.88
03497 0321 20260114  1   10.77
03497 0321 20260421  4   53.27
03497 0321 20260826  5   68.22
03497 0321 20270509  1   12.58
03322 0322 20260115  3   57.51
03341 0323 20260115  2   53.54
03341 0323 20260318  1   41.77
03496 0324 20260115  1    6.79
03496 0324 20260116  1    7.98
03496 0324 20260121  1   10.77
03496 0324 20260203  2   28.93
03496 0324 20270118  4   53.96
03496 0324 20270304  5   55.45
03496 0324 20270325  2   25.98
03496 0324 20270407  1   12.99
03496 0324 20270407  2   25.48
03496 0324 20270412  3   50.25
03496 0324 20270428  1   56.99
03496 0324 20270621  2   30.98
03501 0325 20260115  1   12.49
03501 0325 20260129  3   36.28
03501 0325 20260130  3   35.55
03501 0325 20260210  2   30.32
03501 0325 20260210  6   50.14
03501 0325 20260213  2   28.74
03501 0325 20260222  5   40.05
03501 0325 20260301  1   12.77
03501 0325 20260307  3   24.47
03501 0325 20260313  3   28.54
03501 0325 20260316  2   24.98
03501 0325 20260319  2   33.00
03501 0325 20260319  2   45.98
03501 0325 20260327  2   24.98
03501 0325 20260328  1   29.99
03501 0325 20260408  1   26.99
03501 0325 20260410  1   14.96
03501 0325 20260410  1   19.99
03501 0325 20260411  1   11.77
03501 0325 20260427  2   21.54
03501 0325 20260427  1   29.99
03501 0325 20260428  1   12.49
03501 0325 20260429  3   20.37
03501 0325 20260430  2   24.98
03501 0325 20260430  1    6.99
03501 0325 20260501  1   27.97
03501 0325 20260519  6   83.94
03501 0325 20260525  4   50.97
03501 0325 20260528  3   20.37
03501 0325 20260620  3   44.29
03501 0325 20260620  3   40.97
03501 0325 20260725  2   25.98
03501 0325 20270105  4   41.96
03501 0325 20270105  2   24.98
03501 0325 20270427  1   12.99
03510 0326 20260115  1   23.99
03525 0327 20260115  1   19.97
03545 0328 20260115  1   12.70
03556 0329 20260115  2   39.96
03558 0330 20260115  9  119.76
03558 0330 20260120  7   92.79
03558 0330 20260130  3   36.50
03558 0330 20260208  7   94.57
03558 0330 20260319  1   13.97
03558 0330 20260622  4   59.28
03558 0330 20261012  1   24.49
03571 0331 20260115  1   14.70
03584 0332 20260115  5   64.23
03584 0332 20260120  1   11.77
03584 0332 20260424  1    9.98
03587 0333 20260115  1   14.96
03601 0334 20260115  1   15.36
03612 0335 20260115  2   26.14
03614 0336 20260115  4   49.28
03614 0336 20260123  1   13.97
03614 0336 20260205  6   66.22
03614 0336 20260207  3   48.90
03614 0336 20260207  4   49.28
03614 0336 20260910  2   36.48
03614 0336 20260924  1   10.49
03614 0336 20261126 10  113.90
03614 0336 20261215  2   20.98
03629 0337 20260115  1   11.99
03656 0338 20260115  1   11.77
03656 0338 20270401  1    9.49
03656 0338 20270414  1   13.99
03656 0338 20270515  1   11.49
03656 0338 20270515  1   12.99
03660 0339 20260115  1    8.77
03660 0339 20260621  1    9.77
03660 0339 20270319  1   14.42
03674 0340 20260115  2   30.13
03690 0341 20260115  1   19.99
03704 0342 20260115  1   27.99
03726 0343 20260115  2   29.98
03669 0344 20260116  3   39.70
03669 0344 20260315  1   15.70
03669 0344 20260623  1   15.70
03669 0344 20261121  1   22.49
03755 0345 20260116  2   21.98
03775 0346 20260116  4   39.30
03794 0347 20260116  1   15.36
03805 0348 20260116  1    6.79
03805 0348 20260623  1    4.79
03809 0349 20260116  1   17.90
03819 0350 20260116  7  128.36
03819 0350 20260215  9  130.09
03819 0350 20260623  2   27.94
03820 0351 20260116  2   29.33
03820 0351 20260324  1   12.77
03824 0352 20260116  1    7.98
03838 0353 20260116  2   11.56
03853 0354 20260116  1   41.90
03876 0355 20260116  3   44.12
03891 0356 20260116  1    9.99
03902 0357 20260116  3   46.68
03902 0357 20260203 18  242.98
03911 0358 20260116  1   23.99
03911 0358 20260306  4   58.46
03911 0358 20260701  1   13.97
03912 0359 20260116  1   15.36
03926 0360 20260116  1   17.36
03944 0361 20260116  1   19.99
03955 0362 20260116  1    7.78
03965 0363 20260116  1   24.99
03965 0363 20260221  1    9.77
03965 0363 20260331  1    9.77
03970 0364 20260116  4   47.48
03970 0364 20260129  2   19.74
03970 0364 20260311  4   58.06
03970 0364 20260410  3   63.31
03970 0364 20260805  2   26.14
03970 0364 20261001  3   38.97
03975 0365 20260116  1   15.96
00584 0366 20260117  1   11.77
03138 0367 20260117  1   13.97
03138 0367 20260409  9  176.45
03138 0367 20261031  4   40.46
03138 0367 20270507  8  125.92
03993 0368 20260117  1   15.99
03993 0368 20260403  1   30.99
03993 0368 20260426  1    4.79
03993 0368 20260519  2   43.48
03993 0368 20261120  1   33.99
03993 0368 20270218  3   31.97
03997 0369 20260117  1   18.77
04005 0370 20260117  1   14.37
04005 0370 20260426  2   24.74
04005 0370 20270309  2   21.48
04019 0371 20260117  1    6.78
04019 0371 20270324  2   23.48
04037 0372 20260117  1   14.37
04053 0373 20260117  1   11.77
04070 0374 20260117  1   14.37
04087 0375 20260117  1   12.97
04090 0376 20260117  1   14.96
04090 0376 20260117  1   14.37
04090 0376 20260226  1   13.77
04090 0376 20270204  2   29.48
04090 0376 20270327  1   21.99
04096 0377 20260117  3   27.55
04096 0377 20260331  1   13.97
04101 0378 20260117  1    8.79
04101 0378 20260620  1   16.70
04105 0379 20260117  1   15.36
04141 0380 20260117  1   20.00
04160 0381 20260117  1   14.99
04165 0382 20260117  2   34.66
04165 0382 20260123  1   17.30
04165 0382 20260325  1   14.96
04165 0382 20260501  2   28.34
04165 0382 20260523  5   73.02
04165 0382 20260701  3   45.43
04165 0382 20260712  4   59.25
04165 0382 20260726  1   14.96
04165 0382 20260816  5   72.03
04165 0382 20260901  1   13.97
04165 0382 20260910  1   12.99
04165 0382 20260929  3   55.97
04165 0382 20261117  1   11.49
04165 0382 20261118  1   11.49
04165 0382 20261208  3   28.97
04165 0382 20261211  1   11.49
04165 0382 20270102  3   33.47
04165 0382 20270226  1   17.49
04165 0382 20270415  1   12.99
04165 0382 20270519  1   13.99
04165 0382 20270529  1   26.99
04165 0382 20270625  1   12.99
04179 0383 20260117  1   13.97
04198 0384 20260117  3   43.69
04203 0385 20260117  4   19.76
04203 0385 20260117  1    6.79
04203 0385 20260127  1   12.49
04203 0385 20260201  3   41.68
04203 0385 20260419  1   12.77
04203 0385 20260823  2   24.49
04203 0385 20261019  3   61.97
04203 0385 20261205  2   29.48
04203 0385 20270124  1   12.49
04214 0386 20260117  1   14.37
04231 0387 20260117  2   30.73
01750 0388 20260118  1   20.97
01750 0388 20260505  7  100.59
02046 0389 20260118  2   17.88
02046 0389 20260224  1   14.79
02046 0389 20260330  1   29.37
02046 0389 20261218  2   27.98
02839 0390 20260118  1   14.37
04124 0391 20260118  2   42.73
04253 0392 20260118  1   15.36
04285 0393 20260118  1   15.36
04287 0394 20260118  1   15.36
04287 0394 20260718 12  189.64
04288 0395 20260118  2   24.14
04288 0395 20260118  1   25.77
04288 0395 20260218  2   23.54
04309 0396 20260118  3   33.31
04309 0396 20261215  3   38.97
04316 0397 20260118  1   25.77
04316 0397 20260221  1   16.96
04316 0397 20260419  1   14.37
04316 0397 20260616  1   11.77
04322 0398 20260118  2   34.98
04322 0398 20260315  1   29.99
04330 0399 20260118  2   19.54
04349 0400 20260118  2   23.54
04374 0401 20260118  1    6.79
04374 0401 20260605  2   24.02
04374 0401 20260620  1   12.25
04379 0402 20260118  2   20.75
04383 0403 20260118  1   14.99
04383 0403 20260513  1   46.37
04383 0403 20260525  6   84.19
04383 0403 20260626  1   25.97
04383 0403 20260714  1   25.77
04383 0403 20260715  5   64.43
04383 0403 20260728  2   33.96
04383 0403 20260820  1   19.99
04383 0403 20260824  3   57.71
04383 0403 20261206  6   93.94
04383 0403 20270106  1   24.49
04383 0403 20270228  2   24.87
04383 0403 20270422  5   61.34
04392 0404 20260118  1   20.97
04392 0404 20260302  1   15.38
04392 0404 20270212  2   18.98
04407 0405 20260118  1   11.77
04408 0406 20260118  2   32.74
04408 0406 20260206  4   56.66
04408 0406 20260509  1   11.77
04424 0407 20260118  2   28.93
04424 0407 20260829  1   14.96
04424 0407 20270611  2   23.76
04427 0408 20260118  3   44.29
04446 0409 20260118  6   55.04
04461 0410 20260118  3   41.25
04461 0410 20260619  2   28.34
04461 0410 20261118  1   12.49
04461 0410 20270405  2   24.48
04461 0410 20270519  2   23.98
04465 0411 20260118  4   56.66
04474 0412 20260118  6   97.22
04474 0412 20260122  1   15.36
04474 0412 20260211  1   15.36
04474 0412 20261230 18  271.82
04474 0412 20270102  2   31.98
04486 0413 20260118  2   73.13
04504 0414 20260118  2   34.72
04504 0414 20261114  2   19.98
00167 0415 20260119  2   30.32
00167 0415 20260121  1   13.77
00167 0415 20260308  1   14.96
00167 0415 20260614  2   24.95
00167 0415 20261011  1   12.99
00167 0415 20261030  1   59.49
00167 0415 20261123  1   11.49
00167 0415 20261210  1   18.49
01727 0416 20260119  3   35.31
04269 0417 20260119  1   10.77
04525 0418 20260119  2   26.74
04544 0419 20260119  1   11.77
04544 0419 20270302  1   29.49
04564 0420 20260119  2   39.36
04564 0420 20261202  2   30.98
04581 0421 20260119  1   16.90
04589 0422 20260119  2   27.13
04589 0422 20260226  4   59.83
04589 0422 20260416  3   45.11
04589 0422 20261206  4   41.46
04593 0423 20260119  6   82.41
04593 0423 20260218  1   11.77
04593 0423 20260606  1   14.96
04601 0424 20260119  2   23.54
04601 0424 20270203  1   11.88
04601 0424 20270308  2   24.87
04601 0424 20270308  1   11.99
04601 0424 20270420  2   29.98
04601 0424 20270506  3   43.97
04616 0425 20260119  1   12.49
04630 0426 20260119  3   36.73
04644 0427 20260119  1   21.37
04644 0427 20260219  2   29.33
04649 0428 20260119  1   12.49
04649 0428 20260621  3   38.33
04649 0428 20260817  1   11.77
04649 0428 20261031  1   13.99
04649 0428 20270410  1   72.99
04649 0428 20270501  1   72.99
04649 0428 20270607  3   42.47
04653 0429 20260119  1   15.36
04669 0430 20260119  1   15.36
04687 0431 20260119  2   31.72
04687 0431 20261020  3   49.47
04701 0432 20260119  1   11.77
04717 0433 20260119  4   49.87
04718 0434 20260119  3   37.51
04718 0434 20260319  2   25.74
04718 0434 20270429  3   58.74
04732 0435 20260119  1    9.77
04749 0436 20260119  2   39.98
04768 0437 20260119  4   58.89
04791 0438 20260119  2   31.52
04794 0439 20260119  1   15.99
04794 0439 20260526  2   34.14
04797 0440 20260119  5   84.02
04797 0440 20260307  6   88.60
04797 0440 20260721  7  106.55
04805 0441 20260119  2   25.74
04805 0441 20260216  1   13.97
04805 0441 20260715  1   13.97
04805 0441 20260717  1   12.97
04805 0441 20260725  1   14.79
04805 0441 20261205  4   57.96
04805 0441 20261220  1   13.99
04805 0441 20261231  4   53.96
04805 0441 20270317  1   13.49
04805 0441 20270414  1   12.99
04805 0441 20270612  3   44.47
04807 0442 20260119  1   13.97
04822 0443 20260119  3   65.97
03089 0444 20260120  2   29.92
03089 0444 20260127  2   29.98
03089 0444 20260211  2   29.98
03089 0444 20270213  1   12.99
04365 0445 20260120  2   18.56
04836 0446 20260120  1   22.99
04836 0446 20260314  2   24.48
04836 0446 20260422  1   13.97
04836 0446 20260526  1   23.88
04836 0446 20260616  2   24.49
04836 0446 20260723  2   23.54
04836 0446 20260729  2   28.73
04836 0446 20270604  1   11.88
04842 0447 20260120  1   14.99
04854 0448 20260120  1   18.36
04854 0448 20260204  3   44.97
04868 0449 20260120  1   14.96
04870 0450 20260120  4   71.69
04870 0450 20260316  2   27.33
04873 0451 20260120 13  150.21
04873 0451 20260323  7   83.39
04873 0451 20261011  3   52.97
04875 0452 20260120  2   25.74
04875 0452 20260519  1   11.77
04880 0453 20260120  5   72.25
04880 0453 20260122  1   35.37
04880 0453 20260407  2   27.14
04890 0454 20260120  2   30.72
04890 0454 20260729  1   14.37
04892 0455 20260120  2   29.92
04894 0456 20260120  1   17.76
04894 0456 20260206  1   11.77
04894 0456 20260328  5   77.48
04894 0456 20260428  6   80.41
04894 0456 20260505  3   34.50
04894 0456 20260718  1   14.37
04894 0456 20260718  2   29.58
04894 0456 20260804  6  107.60
04894 0456 20260804  4   60.05
04894 0456 20260806  4   52.46
04894 0456 20261107  2   26.98
04894 0456 20261118  3   59.97
04894 0456 20261215  1   13.99
04894 0456 20270319  9  117.37
04907 0457 20260120  1   19.99
04907 0457 20260209  1    9.98
04907 0457 20260217  1   12.77
04907 0457 20260424  2   25.48
04907 0457 20260506  2   27.85
04911 0458 20260120  2   23.73
04930 0459 20260120  5   76.23
04947 0460 20260120  3   43.89
04951 0461 20260120  1   15.99
04951 0461 20260319  1   34.77
04951 0461 20260321  1   22.77
04951 0461 20260408  2   23.74
04951 0461 20260429  1   15.36
04951 0461 20260430  1   12.97
04951 0461 20260613  1   14.37
04951 0461 20260717  1   25.77
04951 0461 20270125  2   21.98
04951 0461 20270310  1   29.49
04951 0461 20270504  1   14.99
04951 0461 20270604  1   14.49
04963 0462 20260120  4   59.25
04972 0463 20260120  2   29.33
04972 0463 20260321  4   58.07
04982 0464 20260120  2   22.94
04982 0464 20260519  3   38.71
04982 0464 20261002  6   61.44
04982 0464 20261230  3   30.47
04987 0465 20260120  2   23.96
05000 0466 20260120  2   29.73
05000 0466 20260427  3   43.30
05000 0466 20260630  1   21.77
05000 0466 20270531  4   62.46
05006 0467 20260120  3   16.31
05006 0467 20260829  3   51.50
05008 0468 20260120  3   41.91
05008 0468 20261013  3   19.97
05010 0469 20260120  2   25.74
05010 0469 20260130  1   12.77
05010 0469 20260714  1   14.96
05010 0469 20260724  2   28.93
05010 0469 20260821  2   29.92
05010 0469 20261013  1   12.99
05010 0469 20261118  1   12.49
05031 0470 20260120  4   51.48
05031 0470 20270519  5   54.84
05038 0471 20260120  1   14.37
05038 0471 20260206  1   14.79
05038 0471 20261206  4   51.96
05048 0472 20260120  3   40.73
05066 0473 20260120  1    9.98
05072 0474 20260120  2   26.76
05072 0474 20260608  1   11.77
05072 0474 20260913  2   28.48
05072 0474 20270419  4   48.55
05089 0475 20260120  2   30.86
05105 0476 20260120  3   34.31
05108 0477 20260120  4   56.87
05108 0477 20260122  3   31.31
05108 0477 20260913  2   25.98
05108 0477 20260927  2   46.98
05108 0477 20260929  1   14.49
05108 0477 20261228  1   10.49
05108 0477 20270301  1   19.99
05130 0478 20260120  1   19.99
05130 0478 20261013  1    5.49
05130 0478 20261025  1   15.49
03743 0479 20260121  1   10.97
05135 0480 20260121  4   49.44
05135 0480 20260417  7   55.79
05135 0480 20260619  5   58.10
05135 0480 20270104  4   34.46
05135 0480 20270302  6   56.94
05137 0481 20260121  2   27.54
05137 0481 20260621  6   89.48
05137 0481 20270401  7  128.13
05151 0482 20260121  1   14.96
05156 0483 20260121  1   11.99
05156 0483 20260322  1   11.97
05176 0484 20260121  1   13.97
05192 0485 20260121  3   31.51
05192 0485 20260124  3   44.51
05192 0485 20260128  1   11.77
05192 0485 20260205  1   11.77
05192 0485 20260205  1   14.37
05192 0485 20260205  1    9.97
05192 0485 20260224  7   81.41
05192 0485 20260318  3   40.11
05192 0485 20260324  3   40.71
05192 0485 20260428  5   59.85
05192 0485 20260521  5   65.63
05192 0485 20260527  5   74.77
05192 0485 20260623  5   62.04
05192 0485 20260910  3   33.47
05194 0486 20260121  1   13.97
05206 0487 20260121  4   65.32
05206 0487 20260121  1   14.79
05206 0487 20260207  1   14.79
05206 0487 20260225  2   28.76
05206 0487 20260302  2   33.48
05206 0487 20260325  3   47.12
05215 0488 20260121  1   21.99
05238 0489 20260121  1    9.98
05259 0490 20260121  2   37.48
05259 0490 20261024  7  102.93
05265 0491 20260121  2   26.13
05265 0491 20260131  1   23.99
05265 0491 20260208  2   34.00
05265 0491 20260324  3   42.93
05265 0491 20260523  2   30.37
05265 0491 20270114  1   14.49
05265 0491 20270309  1   11.99
05265 0491 20270323  1   15.49
05281 0492 20260121  1   14.37
05281 0492 20270321  2   18.98
05285 0493 20260121  1   11.97
05285 0493 20260220  2   26.13
05285 0493 20260618  3   44.09
05285 0493 20260822  2   25.74
05285 0493 20261206  2   26.98
05297 0494 20260121  1   12.49
05302 0495 20260121  1   12.97
05302 0495 20260930  1   11.49
05302 0495 20261223  1    7.49
05309 0496 20260121  2   30.72
05309 0496 20260205  1   15.36
05316 0497 20260121  2   41.98
05330 0498 20260121  4   60.64
05336 0499 20260121  3   38.03
05336 0499 20260313  2   28.93
05336 0499 20260424  3   42.90
05336 0499 20260622  2   26.14
05336 0499 20260624  3   41.91
05336 0499 20260705  5   68.60
05336 0499 20260726  4   55.07
05336 0499 20261107  3   41.47
05336 0499 20270103  2   20.98
05336 0499 20270202  3   42.06
05336 0499 20270627  3   39.97
05350 0500 20260121  2   29.92
05350 0500 20260208  3   39.73
05350 0500 20260220  2   25.93
05350 0500 20260301  3   42.90
05353 0501 20260121  3   74.97
05369 0502 20260121  1   14.96
05390 0503 20260121  2   39.98
03438 0504 20260122  2   37.98
03774 0505 20260122  6   83.00
03774 0505 20260430  5   64.24
03774 0505 20260502  1   14.96
03774 0505 20270405  4   58.85
05312 0506 20260122  4   65.34
05405 0507 20260122  5  112.72
05405 0507 20260125  2   40.74
05405 0507 20260827  1   14.96
05405 0507 20261107  5   66.95
05405 0507 20261215  7  105.93
05418 0508 20260122  2   18.75
05420 0509 20260122  3   49.97
05420 0509 20260124  6   84.22
05420 0509 20260210  6   85.01
05420 0509 20260214  6   86.40
05420 0509 20260224  6   88.99
05420 0509 20260308  5   71.63
05420 0509 20260326  6   95.91
05420 0509 20260407  9  125.69
05420 0509 20260417  6   95.94
05420 0509 20260425  7  100.60
05420 0509 20260505  7  103.75
05420 0509 20260512  1   15.36
05420 0509 20260611  7   90.18
05420 0509 20260620  5   76.22
05420 0509 20260627  1   15.36
05420 0509 20260818  7   95.98
05420 0509 20260904  7   99.21
05420 0509 20260918  5   69.45
05420 0509 20260925  1   15.49
05420 0509 20261006  6   87.44
05420 0509 20261118  7   99.93
05420 0509 20270119  7  102.93
05420 0509 20270130  4  131.46
05420 0509 20270131  4   56.46
05433 0510 20260122  1   13.97
05439 0511 20260122  4   44.74
05439 0511 20260228  1   14.96
05451 0512 20260122  1   49.97
05461 0513 20260122  1   11.97
05461 0513 20260318  2   37.65
05467 0514 20260122  2   35.76
05502 0515 20260122  1   11.77
05519 0516 20260122  1   11.70
05519 0516 20270614  2   25.98
05519 0516 20270618  2   20.98
05525 0517 20260122  4   62.87
05525 0517 20260220  1   11.77
05525 0517 20260310  1   21.77
05525 0517 20260323  3   35.31
05525 0517 20260518  2   24.74
05525 0517 20260817  2   43.34
05525 0517 20270101  2   31.48
05533 0518 20260122  1   14.77
05554 0519 20260122  1   14.96
05554 0519 20260930  3   41.47
05554 0519 20270226  2   25.16
05558 0520 20260122  2   34.98
05575 0521 20260122  1    9.97
05575 0521 20260604  1   13.77
05575 0521 20260623  2   21.54
05575 0521 20260730  1   13.97
05575 0521 20260818  1    4.79
05575 0521 20260920  1   11.49
05575 0521 20260923  2   46.48
05575 0521 20261103  1   27.99
05575 0521 20261107  1   33.99
05575 0521 20261128  2   31.98
05575 0521 20261211  2   22.98
05575 0521 20261219  1   16.99
05575 0521 20261229  1    8.49
05575 0521 20261229  1   19.99
05575 0521 20270307  1   15.49
05575 0521 20270609  3   18.47
05579 0522 20260122  2   28.13
05595 0523 20260122  1   12.49
05595 0523 20260322  2   20.86
05595 0523 20260410  1   14.37
05597 0524 20260122  2   30.36
05615 0525 20260122  3   43.70
05631 0526 20260122  2   30.76
05631 0526 20260528  8  120.95
05631 0526 20260630  6   71.22
05631 0526 20261009  1   11.49
05631 0526 20261013  1   13.99
05631 0526 20261021  4   53.96
05631 0526 20261027  3   47.97
05633 0527 20260122  1   12.49
05645 0528 20260122  1   17.90
05645 0528 20260819  1   27.77
05645 0528 20270503  1   11.88
05444 0529 20260123  5   63.05
05444 0529 20260618  4   38.92
05444 0529 20261101  4   25.96
05444 0529 20261106  1   14.49
05444 0529 20261108  5   58.95
05444 0529 20261211  2   16.98
05444 0529 20270316  3   29.97
05444 0529 20270325  1   12.99
05444 0529 20270414  4   28.46
05444 0529 20270607  3   14.47
05444 0529 20270616  2   15.98
05444 0529 20270626  3   27.97
05481 0530 20260123  1   11.77
05646 0531 20260123  2   25.74
05651 0532 20260123  1   17.90
05651 0532 20260423  1   12.49
05651 0532 20270309  4   37.96
05664 0533 20260123  3   41.50
05674 0534 20260123  2   23.54
05674 0534 20260224  3   44.88
05677 0535 20260123  9  154.92
05677 0535 20260521  1   17.70
05677 0535 20260817  2  137.14
05677 0535 20261018  4   62.96
05677 0535 20270201 12  169.38
05683 0536 20260123  1   11.77
05694 0537 20260123  1    9.77
05717 0538 20260123 10  141.85
05719 0539 20260123  2   23.94
05719 0539 20260124  1    6.79
05746 0540 20260123 14  202.58
05749 0541 20260123  3   38.50
05749 0541 20260310  3   40.70
05749 0541 20260902  2   26.73
05749 0541 20261113  2   22.48
05749 0541 20261205  2   26.48
05749 0541 20261205  1   13.99
05749 0541 20270129  3   37.86
05749 0541 20270314  1   12.58
05749 0541 20270404  4   64.24
05749 0541 20270503  3   41.97
05770 0542 20260123  3   35.91
05779 0543 20260123  9  124.69
05779 0543 20260221 12  147.40
05779 0543 20260629  9  124.51
05788 0544 20260123  1   14.37
05802 0545 20260123  2   29.16
05817 0546 20260123  2   23.14
05832 0547 20260123  1   13.97
05839 0548 20260123  5   70.45
05839 0548 20260626  5   71.45
05847 0549 20260123  2   37.96
05847 0549 20260128  3   58.95
05847 0549 20260303  2   28.93
05847 0549 20260415  3   46.93
05847 0549 20260426  1   21.99
05847 0549 20260516  3   49.31
05847 0549 20260611  3   38.91
05847 0549 20260623  3   42.31
05847 0549 20260822  2   27.94
05847 0549 20260827  3   44.30
05847 0549 20260915  2   27.98
05847 0549 20261101  4   53.96
05847 0549 20261126  3   39.97
05847 0549 20261205  4   52.46
05847 0549 20270116  3   59.47
05847 0549 20270312  3   36.97
05847 0549 20270405  2   25.07
05847 0549 20270519  3   36.97
05847 0549 20270605  3   49.56
05847 0549 20270629  1   12.58
05851 0550 20260123  2   15.76
05852 0551 20260123  2   66.96
05852 0551 20260311  1   30.97
05855 0552 20260123  2   33.80
05855 0552 20260125  3   38.16
05855 0552 20260206  4   71.24
05855 0552 20260216  1   14.99
05870 0553 20260123  1   14.37
05870 0553 20260508  4   56.31
05870 0553 20260602  5   92.96
05870 0553 20260708  1   26.75
05870 0553 20270603  2   34.48
05873 0554 20260123  2   21.54
05875 0555 20260123  2   31.80
05875 0555 20260504  2   39.98
05875 0555 20260907  2   23.95
05889 0556 20260123  1   12.97
05903 0557 20260123  2   25.14
05221 0558 20260124  1    8.97
05221 0558 20260204  1   19.30
05221 0558 20260211  1   19.30
05221 0558 20260220  1    4.77
05221 0558 20260228  1   17.76
05221 0558 20260305  5   77.84
05221 0558 20260320  2   31.94
05221 0558 20260325  2   25.96
05221 0558 20260410  2   19.76
05221 0558 20260430  2   30.69
05221 0558 20260503  1   22.99
05221 0558 20260520  1   31.03
05221 0558 20260710  1   19.55
05922 0559 20260124  2   23.54
05936 0560 20260124  3   39.30
05936 0560 20260318  2   30.32
05939 0561 20260124  1   11.77
05939 0561 20260304  2   77.34
05939 0561 20260815  1   15.36
05939 0561 20261001  3   42.47
05939 0561 20261117  6   82.44
05939 0561 20270131  4   55.35
05947 0562 20260124  1   13.97
05947 0562 20260214  1   33.99
05947 0562 20260922  1   15.99
05957 0563 20260124  3   42.31
05972 0564 20260124  1   14.37
05972 0564 20260124  1   13.97
05972 0564 20260124  1   15.36
05990 0565 20260124  7   80.59
06002 0566 20260124  3   78.70
06011 0567 20260124  1   14.96
06011 0567 20260207  2   28.93
06011 0567 20260302  1   15.36
06011 0567 20260524  2   29.54
06011 0567 20260625  1   15.76
06011 0567 20260915  2   14.48
06011 0567 20261207  3   44.47
06011 0567 20270228  2   17.98
06025 0568 20260124  1    9.97
06025 0568 20261214  5   60.45
06025 0568 20270220  4   52.54
06044 0569 20260124  3   26.07
06054 0570 20260124  2   13.58
06054 0570 20260707  1   12.25
06054 0570 20260717  1   16.36
06054 0570 20261008  1   11.49
06054 0570 20270309  1   12.49
06062 0571 20260124  2   15.96
06072 0572 20260124  5   69.22
06072 0572 20260202  1   15.96
06072 0572 20260212  3   52.93
06072 0572 20260216  6   84.39
06072 0572 20260220  2   66.54
06072 0572 20260326  3   33.51
06072 0572 20270215  5   69.95
06084 0573 20260124  2   23.54
06084 0573 20261020  2   61.98
06084 0573 20261022  1   25.99
06084 0573 20270330  2   26.87
06087 0574 20260124  2   26.94
06087 0574 20260730  3   27.31
06094 0575 20260124  3   86.97
06094 0575 20260303  1   13.97
06102 0576 20260124  3   43.09
06103 0577 20260124  4   54.27
06103 0577 20260316  4   59.25
06119 0578 20260124  1   38.99
06142 0579 20260124 14  197.79
06162 0580 20260124  1   11.77
06178 0581 20260124  1   20.99
06178 0581 20260124  1   27.99
06196 0582 20260124  1   13.97
06211 0583 20260124  2   26.14
02792 0584 20260125  1   13.97
02792 0584 20260930  2   45.98
02792 0584 20261124  2   24.48
03518 0585 20260125  1   19.99
03518 0585 20260613  3   42.00
03518 0585 20260625  3   38.00
03518 0585 20260625  1    8.00
04513 0586 20260125  2   25.74
05940 0587 20260125  6   86.02
06245 0588 20260125  1   13.97
06262 0589 20260125  3   38.50
06278 0590 20260125  1   12.77
06293 0591 20260125  2   34.54
06304 0592 20260125  1   21.70
06304 0592 20260816  1   15.36
06305 0593 20260125  4   33.34
06305 0593 20260126  3   38.50
06305 0593 20260227  4   56.86
06305 0593 20260308  5   70.03
06305 0593 20260331  1   15.90
06305 0593 20260418  5   33.33
06305 0593 20260426  4   39.52
06305 0593 20260525  3   43.30
06305 0593 20270324  1   18.49
06313 0594 20260125  1   11.77
06331 0595 20260125  1   19.77
06335 0596 20260125  2   26.73
06335 0596 20260322  1   12.77
06335 0596 20260911  4   69.46
06335 0596 20261115  4   50.46
06335 0596 20261202  2   59.48
06335 0596 20261213  6   80.44
06335 0596 20270322  3   41.47
06353 0597 20260125  1   14.79
06378 0598 20260125  1   12.49
06378 0598 20261206  2   30.98
06378 0598 20270207  1   12.49
06378 0598 20270311  1   12.99
06381 0599 20260125  1    9.77
06381 0599 20260623  1    6.78
06381 0599 20260725  1    9.98
06381 0599 20261103  1    9.49
06381 0599 20261120  1   12.49
06392 0600 20260125  1  109.99
06392 0600 20261026  1   62.99
06396 0601 20260125  2   27.95
06396 0601 20260314  2   26.73
06396 0601 20260324  2   29.33
06396 0601 20260422  2   26.93
06396 0601 20260624  3   44.88
06412 0602 20260125 10  147.22
06412 0602 20270203  7  101.82
06427 0603 20260125  6   71.62
06434 0604 20260125  1   35.99
06434 0604 20260302  1   15.36
06434 0604 20260817  1   14.96
06434 0604 20260823  1   13.77
06444 0605 20260125  5   77.24
06449 0606 20260125  2   28.74
06449 0606 20260901  1   14.37
06461 0607 20260125  1   14.96
06475 0608 20260125  1   21.70
06475 0608 20260422  2   29.76
06475 0608 20260430  1   12.97
06479 0609 20260125  4   49.96
06479 0609 20260126  3   37.47
06479 0609 20260628  1   36.69

